0.0500
0.2585
0.3807
0.1688
0.1684
0.1800
0.9072
0.7722
0.2098
0.5520
0.9058
0.7502
0.2329
0.4823
0.6932
0.6767
0.2960
0.7428
0.2117
0.1750
0.6359
0.4983
0.2228
0.0691
0.9291
0.2446
0.9413
0.6342
0.9390
0.1366
0.1725
0.1564
0.1604
0.1355
0.2512
0.0654
0.0297
0.0901
0.2480
0.0792
0.1076
0.0957
0.1310
0.2043
0.0826
0.0587
0.0979
0.2652
0.9553
0.7016
0.7460
0.9313
0.8783
0.8275
0.2425
0.2190
0.1641
0.0874
0.0399
0.2967
0.1873
0.4062
0.1583
0.2621
0.3351
0.2412
0.3455
0.3484
0.3116
0.2160
0.4450
0.9250
0.3077
0.4955
0.4648
0.1595
0.5513
0.5709
0.4105
0.8186
0.1561
0.5883
0.1447
0.5914
0.6187
0.4263
0.2059
0.1700
0.9323
0.6878
0.2986
0.2871
0.5304
0.4801
0.4415
0.2655
0.2915
0.8233
0.8326
0.3137
0.3422
0.8532
0.2867
0.3600
0.1919
0.2721
0.7361
0.2223
0.8646
0.6380
0.8478
0.1051
0.3906
0.1677
0.2481
0.1655
0.2779
0.2207
0.1523
0.1362
0.3906
0.2990
0.5800
0.8490
0.8051
0.1062
0.6911
0.8236
0.5465
0.8278
0.2954
0.1268
0.4922
0.7157
0.2095
0.3908
0.3989
0.4231
0.1628
0.1919
0.3467
0.2081
0.3058
0.2593
0.4901
0.2003
0.5118
0.6702
0.4223
0.1110
0.1647
0.0777
0.4524
0.4475
0.2700
0.1926
0.2349
0.3623
0.2751
0.4395
0.0751
0.0730
0.1778
0.5637
0.8618
0.3506
0.5123
0.1148
0.4248
0.1753
0.7070
0.1728
0.4686
0.3625
0.5850
0.3391
0.2561
0.0598
0.8191
0.8449
0.1139
0.8057
0.8023
0.7942
0.1839
0.1087
0.2970
0.1987
0.1947
0.5070
0.4999
0.4940
0.4350
0.2215
0.4335
0.2038
0.0850
0.3999
0.3933
0.2217
0.2532
0.2327
0.7048
0.2033
0.3525
0.3731
0.8102
0.2560
0.2150
0.3937
0.3599
0.4442
0.1001
0.8959
0.4504
0.5816
0.4555
0.6870
0.2715
0.4696
0.2633
0.6933
0.8408
0.9313
0.8719
0.9151
0.9071
0.5283
0.7138
0.2697
0.4465
0.0871
0.3141
0.1850
0.4102
0.5298
0.3722
0.2663
0.7085
0.6858
0.6403
0.3760
0.0930
0.2855
0.0685
0.3856
0.2004
0.1360
0.7104
0.4915
0.5303
0.1220
0.8047
0.4518
0.2140
0.1661
0.4459
0.2245
0.1733
0.1701
0.8027
0.7677
0.2487
0.5016
0.4208
0.1293
0.3610
0.4630
0.4601
0.4028
0.4069
0.3413
0.7243
0.7240
0.6920
0.6537
0.3341
0.1415
0.2910
0.1753
0.2711
0.2234
0.4740
0.6900
0.2355
0.3788
0.4617
0.5733
0.4454
0.3850
0.3958
0.4971
0.4062
0.3521
0.5496
0.4004
0.5020
0.6149
0.3527
0.1077
0.2483
0.1491
0.1045
0.1187
0.2619
0.1823
0.1840
0.2474
0.2193
0.2137
0.2327
0.1939
0.1886
0.2238
0.4778
0.2016
0.3381
0.3126
0.3189
0.3778
0.3660
0.1272
0.1199
0.3967
0.4175
0.2353
0.2605
0.7783
0.6668
0.3020
0.1274
0.1384
0.0927
0.1872
0.8472
0.7516
0.1225
0.8456
0.0864
0.8620
0.0823
0.7318
0.0624
0.1011
0.0986
0.0884
0.0468
0.2149
0.1273
0.2682
0.1016
0.3561
0.1500
0.1379
0.1526
0.1474
0.2012
0.6345
0.4077
0.3701
0.8871
0.2630
0.7206
0.2671
0.3022
0.1538
0.3225
0.3249
0.2061
0.4635
0.4435
0.1406
0.1654
0.5395
0.3934
0.0853
0.3333
0.3078
0.3795
0.2176
0.1103
0.0793
0.0871
0.1021
0.4901
0.5423
0.4586
0.0371
0.3234
0.1606
0.2279
0.6526
0.8517
0.1415
0.5712
0.8736
0.2907
0.2718
0.2542
0.8939
0.9742
0.9426
0.7865
0.1392
0.1343
0.2499
0.2450
0.1362
0.1025
0.1479
0.4343
0.2034
0.1943
0.0383
0.1593
0.1005
0.0409
0.0896
0.1164
0.1250
0.1192
0.9244
0.6228
0.2205
0.3041
0.2113
0.2453
0.2843
0.2269
0.2284
0.2189
0.1848
0.2569
0.1542
0.1410
0.1202
0.1083
0.0611
0.4843
0.0854
0.6150
0.7501
0.8075
0.5672
0.4982
0.7721
0.1918
0.6842
0.4369
0.0816
0.1958
0.0725
0.1324
0.1551
0.4436
0.2228
0.2152
0.1784
0.4494
0.4301
0.1836
0.0516
0.6927
0.3220
0.3507
0.3862
0.4374
0.2074
0.3429
0.1209
0.2001
0.3042
0.5684
0.0610
0.6827
0.7351
0.3146
0.3706
0.2720
0.2307
0.3890
0.0655
0.4584
0.0755
0.2028
0.3558
0.1789
0.2730
0.5402
0.3389
0.5921
0.1615
0.6250
0.6419
0.1020
0.4929
0.7066
0.3275
0.0685
0.2239
0.8069
0.5016
0.2623
0.1723
0.2477
0.3410
0.6081
0.3712
0.0565
0.8100
0.0930
0.0823
0.3145
0.1216
0.9074
0.7502
0.9480
0.3113
0.1845
0.1944
0.1451
0.9194
0.8328
0.1532
0.0651
0.0949
0.9333
0.1055
0.9370
0.0403
0.0802
0.1035
0.0796
0.1653
0.2281
0.0782
0.2146
0.1546
0.2094
0.2863
0.3031
0.1802
0.2929
0.2071
0.1873
0.1028
0.0953
0.0538
0.1058
0.1605
0.3293
0.4034
0.4291
0.1469
0.0752
0.7331
0.8717
0.6242
0.9045
0.2238
0.3539
0.8914
0.8604
0.4716
0.2721
0.8722
0.3326
0.8184
0.3621
0.2666
0.0412
0.7831
0.2394
0.9332
0.4871
0.1592
0.7105
0.2092
0.1982
0.2102
0.0627
0.3292
0.1190
0.1398
0.3538
0.1574
0.2539
0.3548
0.2747
0.3756
0.3344
0.1530
0.2920
0.3992
0.8571
0.5391
0.7807
0.0435
0.7832
0.0626
0.3065
0.4017
0.2461
0.4153
0.2537
0.1523
0.4799
0.2874
0.2815
0.2161
0.0640
0.2551
0.2657
0.2422
0.3842
0.0501
0.5171
0.3946
0.5666
0.2327
0.2535
0.0439
0.2179
0.2412
0.6090
0.6055
0.5922
0.0900
0.4671
0.1130
0.3497
0.2914
0.2691
0.2648
0.1795
0.9033
0.9198
0.4584
0.2000
0.1540
0.1237
0.8144
0.6966
0.5383
0.3282
0.1517
0.2860
0.2248
0.2530
0.5482
0.2915
0.4734
0.9510
0.5074
0.0819
0.1160
0.1871
0.0802
0.2112
0.2670
0.1581
0.0739
0.2177
0.6339
0.4525
0.7287
0.3369
0.1428
0.1393
0.1394
0.1994
0.2677
0.2925
0.1554
0.2990
0.3137
0.1750
0.1837
0.1769
0.3430
0.2510
0.3270
0.2181
0.4042
0.1816
0.3397
0.3931
0.4385
0.2094
0.3050
0.1795
0.1082
0.1994
0.3295
0.1731
0.3529
0.6873
0.1780
0.0523
0.7863
0.7758
0.8446
0.2113
0.7983
0.7440
0.7619
0.0624
0.7614
0.6279
0.7420
0.8273
0.1426
0.1455
0.6684
0.7342
0.8968
0.1537
0.1717
0.4712
0.0945
0.4987
0.5044
0.2384
0.3731
0.3950
0.3642
0.3644
0.4331
0.1257
0.1379
0.3937
0.5451
0.0752
0.5143
0.6170
0.3908
0.0873
0.1460
0.0926
0.0766
0.1011
0.1325
0.2457
0.2715
0.5360
0.3484
0.9333
0.4099
0.3802
0.6212
0.3195
0.9112
0.1664
0.5906
0.6521
0.7395
0.5990
0.7253
0.3881
0.7661
0.8487
0.6932
0.6338
0.5837
0.8467
0.1755
0.9085
0.2093
0.2692
0.3634
0.3052
0.3590
0.1273
0.1365
0.2184
0.1731
0.2035
0.8610
0.8631
0.3983
0.2720
0.4267
0.4081
0.2334
0.5622
0.2299
0.6868
0.2068
0.4155
0.5222
0.4420
0.4490
0.2159
0.4398
0.4848
0.3973
0.2812
0.1298
0.3566
0.5378
0.2533
0.2619
0.3209
0.2119
0.4990
0.2684
0.8718
0.1308
0.2611
0.2218
0.3145
0.0957
0.1366
0.2508
0.6963
0.1117
0.6937
0.3371
0.2055
0.2690
0.0839
0.4463
0.4972
0.5052
0.4964
0.0864
0.4232
0.3097
0.2933
0.6046
0.4131
0.7776
0.1149
0.6320
0.1456
0.1870
0.2592
0.2528
0.3060
0.1415
0.1731
0.1418
0.5069
0.5571
0.6721
0.6380
0.1913
0.1976
0.8563
0.4060
0.4959
0.1925
0.5022
0.0787
0.6206
0.1364
0.2247
0.2128
0.2999
0.5886
0.1138
0.5995
0.6149
0.2969
0.5215
0.1504
0.1691
0.5696
0.0693
0.8540
0.0941
0.4158
0.1064
0.2209
0.2256
0.2304
0.1405
0.6742
0.1033
0.4071
0.1023
0.1825
0.2499
0.1698
0.2027
0.2415
0.0927
0.1909
0.2667
0.2966
0.2665
0.1131
0.1326
0.1983
0.2829
0.1173
0.0997
0.1421
0.2784
0.1124
0.2257
0.3393
0.3019
0.1385
0.1508
0.3451
0.2633
0.4147
0.3680
0.1110
0.2618
0.0216
0.1773
0.1425
0.2139
0.5059
0.2581
0.0400
0.2941
0.7602
0.0619
0.2094
0.0808
0.4218
0.5294
0.8146
0.0826
0.1620
0.8946
0.4800
0.8112
0.7808
0.5043
0.1806
0.7001
0.5274
0.4453
0.0664
0.1734
0.1289
0.7337
0.1420
0.3379
0.1808
0.6229
0.1604
0.2028
0.1686
0.4886
0.1106
0.1808
0.9274
0.6542
0.1406
0.5802
0.0615
0.0740
0.4003
0.3501
0.4553
0.3775
0.3896
0.6076
0.3864
0.1412
0.0715
0.1803
0.1049
0.1124
0.0990
0.1333
0.1418
0.0615
0.2103
0.1606
0.0913
0.5591
0.0633
0.1031
0.0749
0.1311
0.1317
0.1798
0.5471
0.1453
0.1917
0.1364
0.5171
0.1273
0.4923
0.2359
0.6540
0.4414
0.0841
0.2398
0.4482
0.1428
0.1371
0.5465
0.1077
