0.1000
0.4187
0.8175
0.4444
0.3810
0.5952
0.2540
0.7520
0.3929
0.6508
0.6131
0.3353
0.2857
0.3036
0.3075
0.2579
0.3849
0.8155
0.3313
0.2659
0.7480
0.4464
0.3869
0.4623
0.2619
0.2421
0.6488
0.2579
0.2976
0.2917
0.3452
0.3115
0.4405
0.5000
0.3472
0.7718
0.4464
0.4246
0.2917
0.3433
0.2560
0.3175
0.4524
0.2480
0.2937
0.2520
0.3492
0.3472
0.2639
0.4067
0.2679
0.2976
0.5119
0.3790
0.7798
0.4226
0.5833
0.3810
0.2540
0.7163
0.2937
0.3333
0.3492
0.2619
0.2579
0.2560
0.3909
0.4266
0.3353
0.3234
0.5456
0.2520
0.4107
0.3194
0.5179
0.4444
0.6448
0.2917
0.3452
0.5020
0.3472
0.2579
0.6012
0.2897
0.4187
0.3909
0.8571
0.2937
0.2956
0.7440
0.5675
0.3036
0.4147
0.5694
0.2401
0.2917
0.3433
0.2937
0.7560
0.3353
0.3988
0.2083
0.3393
0.2619
0.4008
0.2639
0.4206
0.6508
0.3710
0.2679
0.6448
0.3274
0.2798
0.2976
0.3452
0.6210
0.7639
0.8671
0.5774
0.2738
0.2659
0.2758
0.2976
0.2579
0.3889
0.6488
0.4187
0.3095
0.2321
0.3909
0.4226
0.4881
0.5218
0.7937
0.3135
0.3810
0.2857
0.3591
0.5476
0.2599
0.4762
0.2659
0.3929
0.2837
0.4226
0.3333
0.5476
0.3175
0.4782
0.3770
0.2937
0.2778
0.4266
0.6091
0.6647
0.3909
0.6071
0.2044
0.6508
0.3472
0.7143
0.3155
0.5893
0.2381
0.2560
0.3175
0.4802
0.3909
0.3353
0.2917
0.3175
0.2857
0.2817
0.3194
0.3234
0.3095
0.4008
0.5000
0.3095
0.3254
0.2560
0.2996
0.4742
0.3294
0.2083
0.3631
0.2976
0.2698
0.2560
0.4603
0.5933
0.5754
0.8770
0.3333
0.4107
0.6389
0.4365
0.3214
0.2619
0.3234
0.3234
0.5556
0.2817
0.3631
0.2639
0.4187
0.4226
0.2659
0.2738
0.8532
0.2639
0.4028
0.2520
0.3651
0.2103
0.2361
0.3155
0.8810
0.4524
0.6151
0.7262
0.3532
0.2817
0.5516
0.2897
0.2341
0.2421
0.2718
0.3909
0.2917
0.4563
0.3294
0.3194
0.3373
0.4544
0.4286
0.4365
0.5020
0.2837
0.3829
0.2659
0.3135
0.3433
0.7361
0.3016
0.3710
0.3353
0.2401
0.2222
0.3810
0.3313
0.3413
0.5933
0.3016
0.3075
0.2877
0.2500
0.2242
0.2798
0.4365
0.6290
0.3175
0.2579
0.3492
0.2877
0.2877
0.2679
0.4127
0.2778
0.3333
0.3294
0.4008
0.5079
0.3115
0.2698
0.7262
0.2202
0.2143
0.6885
0.2837
0.2619
0.3810
0.2698
0.7063
0.4147
0.2976
0.2917
0.2698
0.3433
0.2897
0.8651
0.2917
0.3512
0.4008
0.4127
0.2817
0.2798
0.4583
0.4663
0.2619
0.3790
0.2996
0.4603
0.4722
0.3214
0.2480
0.2996
0.3393
0.2440
0.4325
0.2738
0.5198
0.2619
0.2778
0.2857
0.5794
0.2302
0.5794
0.3115
0.6210
0.3631
0.2440
0.2659
0.2679
0.3829
0.5218
0.3512
0.2440
0.3929
0.2917
0.8056
0.4087
0.3353
0.2897
0.2758
0.2817
0.3393
0.4464
0.2599
0.2798
0.7837
0.3929
0.3948
0.3393
0.3274
0.2956
0.3056
0.2877
0.2599
0.3016
0.4702
0.3036
0.6647
0.3591
0.4246
0.2560
0.3095
0.3730
0.3155
0.3532
0.2599
0.2738
0.3849
0.2956
0.3968
0.4544
0.2540
0.3175
0.3849
0.5079
0.3532
0.5873
0.5000
0.3373
0.2560
0.6210
0.3075
0.3373
0.5099
0.6944
0.2837
0.4861
0.2976
0.2619
0.2480
0.4147
0.5337
0.8413
0.3393
0.5377
0.2698
0.8353
0.2480
0.2798
0.3254
0.3909
0.4881
0.3194
0.3056
0.2560
0.4226
0.2778
0.3016
0.3353
0.4762
0.3294
0.4563
0.3294
0.2738
0.4980
0.4187
0.3710
0.2500
0.2798
0.4206
0.4742
0.3135
0.2440
0.3790
0.3016
0.2639
0.3333
0.2500
0.3492
0.2817
0.2381
0.3056
0.2321
0.3095
0.4147
0.2937
0.2659
0.4623
0.2619
0.2341
0.2837
0.2401
0.3056
0.4306
0.3353
0.2758
0.2798
0.2421
0.3095
0.2659
0.2877
0.2778
0.3016
0.2163
0.5337
0.2183
0.2837
0.5536
0.2619
0.2341
0.2877
0.2857
0.3075
0.6369
0.2599
0.2202
0.2758
0.3651
0.2024
0.2401
0.2500
0.4107
0.6944
0.3433
0.3214
0.2996
0.2520
0.2837
0.3294
0.3234
0.2937
0.3651
0.3194
0.3750
0.2143
0.3492
0.2242
0.3413
0.3095
0.3730
0.5476
0.3075
0.2619
0.2937
0.2599
0.3492
0.2917
0.2897
0.3571
0.3175
0.4048
0.2361
0.3155
0.5298
0.3333
0.5278
0.3095
0.2937
0.2183
0.6746
0.3075
0.2877
0.2758
0.3313
0.1944
0.2599
0.4048
0.3452
0.2500
0.2817
0.2917
0.2440
0.2718
0.6190
0.2798
0.2837
0.3353
0.6329
0.8333
0.6766
0.2262
0.2262
0.5218
0.2718
0.3194
0.3016
0.5952
0.2817
0.2877
0.3095
0.2540
0.2718
0.3214
0.4563
0.2778
0.3016
0.4683
0.2599
0.3095
0.2897
0.2341
0.2738
0.3750
0.4286
0.2619
0.3095
0.2937
0.3194
0.2560
0.3214
0.2619
0.2996
0.5119
0.2679
0.2996
0.2698
0.3036
0.2321
0.2421
0.3452
0.2679
0.2778
0.3056
0.3710
0.6429
0.2877
0.3968
0.2579
0.7242
0.2917
0.3115
0.7123
0.2560
0.3016
0.3373
0.2817
0.2321
0.5813
0.3214
0.4246
0.3036
0.2897
0.3115
0.3036
0.4425
0.2163
0.2659
0.5456
0.2778
0.4187
0.2500
0.4504
0.3175
0.4405
0.2976
0.3452
0.2659
0.3750
0.3095
0.3591
0.4643
0.2679
0.2917
0.3333
0.2361
0.3671
0.2361
0.3075
0.3036
0.7024
0.2798
0.2579
0.4762
0.3234
0.5079
0.3988
0.2976
0.2917
0.5198
0.2718
0.3532
0.2579
0.3611
0.4504
0.3175
0.7083
0.3155
0.4782
0.4286
0.5218
0.6171
0.2817
0.2857
0.5377
0.4266
0.5179
0.3075
0.4504
0.6409
0.4325
0.3532
0.2976
0.4365
0.8571
0.4067
0.2500
0.3373
0.3274
0.8988
0.4345
0.3770
0.3849
0.4603
0.3254
0.3135
0.3214
0.4187
0.3393
0.4841
0.2421
0.2520
0.3710
0.2282
0.2282
0.3333
0.4167
0.2321
0.8234
0.3492
0.3194
0.2817
0.5992
0.2996
0.2401
0.4286
0.4028
0.5615
0.3194
0.3274
0.2520
0.6210
0.2579
0.3492
0.3056
0.3313
0.3095
0.8889
0.4484
0.3671
0.4087
0.8730
0.3016
0.2460
0.5516
0.2480
0.3492
0.2619
0.3452
0.8175
0.3194
0.2976
0.4286
0.4583
0.2837
0.4187
0.2579
0.7361
0.4702
0.2560
0.4365
0.3214
0.2460
0.2460
0.2718
0.3810
0.3591
0.2996
0.7321
0.2956
0.3472
0.2440
0.2520
0.2698
0.2698
0.2996
0.5397
0.4742
0.4742
0.4663
0.7063
0.8433
0.6409
0.7599
0.2599
0.3770
0.3929
0.2520
0.3175
0.3175
0.2321
0.2639
0.2857
0.3492
0.3075
0.3452
0.2202
0.3353
0.3075
0.2599
0.3214
0.4365
0.5615
0.7282
0.5754
0.6905
0.5198
0.5298
0.6488
0.2778
0.2976
0.4028
0.3115
0.3452
0.3115
0.4921
0.2738
0.8433
0.3115
0.2917
0.2718
0.2976
0.6369
0.3492
0.2917
0.3889
0.2361
0.2460
0.2778
0.5456
0.2460
0.4048
0.2659
0.8829
0.3968
0.5278
0.6071
0.3016
0.4861
0.3254
0.3948
0.3036
0.3056
0.6171
0.3333
0.5119
0.2877
0.3889
0.3393
0.2718
0.4226
0.2440
0.5615
0.6091
0.4246
0.2381
0.2679
0.2421
0.3393
0.5079
0.3968
0.2520
0.4246
0.8353
0.7718
0.8413
0.7381
0.8968
0.3393
0.2183
0.7183
0.4008
0.3095
0.3175
0.3214
0.2579
0.5397
0.4881
0.4147
0.4603
0.6607
0.3373
0.3056
0.3393
0.3492
0.2857
0.3234
0.2480
0.2480
0.3770
0.7004
0.2976
0.4643
0.6389
0.8155
0.6567
0.4425
0.2361
0.5992
0.5933
0.3056
0.5437
0.2996
0.2421
0.5040
0.2540
0.6806
0.3512
0.3254
0.2698
0.2956
0.3591
0.3155
0.2877
0.2540
0.2917
0.3353
0.3115
0.3849
0.3889
0.2937
0.4325
0.3452
0.3730
0.2758
0.3016
0.7540
0.2341
0.2976
0.5536
0.3393
0.3234
0.2440
0.4246
0.4782
0.3413
0.2778
0.2718
0.4286
0.3234
0.3869
0.2579
0.3393
0.2401
0.4643
0.2758
0.2917
0.4067
0.2837
0.3889
0.2679
0.3968
0.4365
0.2163
0.2560
0.2500
0.3175
0.3433
0.2421
0.5000
0.3512
0.3452
0.3829
0.5595
0.5337
0.3452
0.5278
0.3433
0.3095
0.2560
0.3690
0.2619
0.7698
0.3194
0.6131
0.8056
0.2778
0.8115
0.2996
0.2401
0.4603
0.2956
0.2798
0.3413
0.2738
0.3829
0.3631
0.6131
0.3075
0.3710
0.7163
0.7143
0.3115
0.3492
0.6687
0.7361
0.4960
0.5516
0.3552
0.2758
0.3532
0.3135
0.3075
0.6012
0.4266
0.7103
0.3234
0.4325
0.6389
0.4365
0.8829
0.2837
0.4206
0.4702
0.4722
0.4702
0.2679
0.3492
0.4067
0.6250
0.3790
0.2817
0.4187
0.3353
0.2976
0.3710
0.4187
0.3234
0.4286
0.5040
0.6270
0.2956
0.3909
0.5615
0.2679
0.2599
0.5020
0.6230
0.3730
0.3909
0.3849
0.2897
0.3690
0.5635
0.5456
0.3353
